notation, path, name, description
 , \Atmosphere\Particle phase\Composition\C5H12O4 (2‐methylerythritol), C5H12O4 (2‐methylerythritol), "IUPAC: (2R,3S)-2-methylbutane-1,2,3,4-tetrol, PubChem CID: 125094, CAS Number: 93921-83-6"
 , \Atmosphere\Total atmospheric deposition\C5H12O4 (2‐methylerythritol), C5H12O4 (2‐methylerythritol), "IUPAC: (2R,3S)-2-methylbutane-1,2,3,4-tetrol, PubChem CID: 125094, CAS Number: 93921-83-6"
 , \Atmosphere\Particle phase\Composition\C5H12O4 (2‐methylthreitol), C5H12O4 (2‐methylthreitol), "IUPAC: (2R,3R)-2-methylbutane-1,2,3,4-tetrol, PubChem CID: 11309539, CAS Number: n/a"
 , \Atmosphere\Total atmospheric deposition\C5H12O4 (2‐methylthreitol), C5H12O4 (2‐methylthreitol), "IUPAC: (2R,3R)-2-methylbutane-1,2,3,4-tetrol, PubChem CID: 11309539, CAS Number: n/a"
 , \Atmosphere\Particle phase\Composition\C5H12O5 (Arabitol), C5H12O5 (Arabitol), "IUPAC: (2R,4R)-pentane-1,2,3,4,5-pentol, PubChem CID: 94154, CAS Number: 488-82-4"
 , \Atmosphere\Total atmospheric deposition\C5H12O5 (Arabitol), C5H12O5 (Arabitol), "IUPAC: (2R,4R)-pentane-1,2,3,4,5-pentol, PubChem CID: 94154, CAS Number: 488-82-4"
 , \Atmosphere\Particle phase\Composition\C22H14 (dibenzo_ah_anthracene), C22H14 (dibenzo_ah_anthracene), "IUPAC: naphtho[1,2-b]phenanthrene, PubChem CID: 5889, CAS Number: 53-70-3"
 , \Atmosphere\Total atmospheric deposition\C22H14 (dibenzo_ah_anthracene), C22H14 (dibenzo_ah_anthracene), "IUPAC: naphtho[1,2-b]phenanthrene, PubChem CID: 5889, CAS Number: 53-70-3"
 , \Atmosphere\POPs\C22H14 (dibenzo_ah_anthracene), C22H14 (dibenzo_ah_anthracene), "IUPAC: naphtho[1,2-b]phenanthrene, PubChem CID: 5889, CAS Number: 53-70-3"
 , \Atmosphere\Particle phase\Composition\C4H10O4 (erythritol), C4H10O4 (erythritol), "IUPAC: (2S,3R)-butane-1,2,3,4-tetrol, PubChem CID: 222285, CAS Number: 149-32-6"
 , \Atmosphere\Total atmospheric deposition\C4H10O4 (erythritol), C4H10O4 (erythritol), "IUPAC: (2S,3R)-butane-1,2,3,4-tetrol, PubChem CID: 222285, CAS Number: 149-32-6"
 , \Atmosphere\Particle phase\Composition\C6H12O6 (fructose), C6H12O6 (fructose), "IUPAC: (3S,4R,5R)-2-(hydroxymethyl)oxane-2,3,4,5-tetrol, PubChem CID: 2723872, CAS Number: 57-48-7"
 , \Atmosphere\Total atmospheric deposition\C6H12O6 (fructose), C6H12O6 (fructose), "IUPAC: (3S,4R,5R)-2-(hydroxymethyl)oxane-2,3,4,5-tetrol, PubChem CID: 2723872, CAS Number: 57-48-7"
 , \Atmosphere\Particle phase\Composition\C6H10O5 (galactosan), C6H10O5 (galactosan), "IUPAC: (1R,2R,3S,4R,5R)-6,8-dioxabicyclo[3.2.1]octane-2,3,4-triol, PubChem CID: 11744941, CAS Number: n/a"
 , \Atmosphere\Total atmospheric deposition\C6H10O5 (galactosan), C6H10O5 (galactosan), "IUPAC: (1R,2R,3S,4R,5R)-6,8-dioxabicyclo[3.2.1]octane-2,3,4-triol, PubChem CID: 11744941, CAS Number: n/a"
 , \Atmosphere\Particle phase\Composition\C6H12O6 (glucose), C6H12O6 (glucose), "IUPAC: (3R,4S,5S,6R)-6-(hydroxymethyl)oxane-2,3,4,5-tetrol, PubChem CID: 5793, CAS Number: 50-99-7, 921-60-8"
 , \Atmosphere\Total atmospheric deposition\C6H12O6 (glucose), C6H12O6 (glucose), "IUPAC: (3R,4S,5S,6R)-6-(hydroxymethyl)oxane-2,3,4,5-tetrol, PubChem CID: 5793, CAS Number: 50-99-7, 921-60-8"
 , \Atmosphere\Particle phase\Composition\C22H12 (inden_123cd_pyrene), C22H12 (inden_123cd_pyrene), "IUPAC: hexacyclo[16.3.1.02,7.08,21.011,20.014,19]docosa-1(22),2,4,6,8(21),9,11(20),12,14(19),15,17-undecaene, PubChem CID: 9131, CAS Number: 193-39-5"
 , \Atmosphere\Total atmospheric deposition\C22H12 (inden_123cd_pyrene), C22H12 (inden_123cd_pyrene), "IUPAC: hexacyclo[16.3.1.02,7.08,21.011,20.014,19]docosa-1(22),2,4,6,8(21),9,11(20),12,14(19),15,17-undecaene, PubChem CID: 9131, CAS Number: 193-39-5"
 , \Atmosphere\POPs\C22H12 (inden_123cd_pyrene), C22H12 (inden_123cd_pyrene), "IUPAC: hexacyclo[16.3.1.02,7.08,21.011,20.014,19]docosa-1(22),2,4,6,8(21),9,11(20),12,14(19),15,17-undecaene, PubChem CID: 9131, CAS Number: 193-39-5"
 , \Atmosphere\Particle phase\Composition\C6H12O6 (inositol), C6H12O6 (inositol), "IUPAC: cyclohexane-1,2,3,4,5,6-hexol, PubChem CID: 892, CAS Number: 488-54-0"
 , \Atmosphere\Total atmospheric deposition\C6H12O6 (inositol), C6H12O6 (inositol), "IUPAC: cyclohexane-1,2,3,4,5,6-hexol, PubChem CID: 892, CAS Number: 488-54-0"
 , \Atmosphere\Particle phase\Composition\C6H10O5 (levoglucosan), C6H10O5 (levoglucosan), "IUPAC: (1R,2S,3S,4R,5R)-6,8-dioxabicyclo[3.2.1]octane-2,3,4-triol, PubChem CID: 2724705, CAS Number: 498-07-7"
 , \Atmosphere\Total atmospheric deposition\C6H10O5 (levoglucosan), C6H10O5 (levoglucosan), "IUPAC: (1R,2S,3S,4R,5R)-6,8-dioxabicyclo[3.2.1]octane-2,3,4-triol, PubChem CID: 2724705, CAS Number: 498-07-7"
 , \Atmosphere\Particle phase\Composition\C6H14O6 (mannitol), C6H14O6 (mannitol), "IUPAC: (2R,3R,4R,5R)-hexane-1,2,3,4,5,6-hexol, PubChem CID: 6251, CAS Number: 69-65-8, 87-78-5"
 , \Atmosphere\Total atmospheric deposition\C6H14O6 (mannitol), C6H14O6 (mannitol), "IUPAC: (2R,3R,4R,5R)-hexane-1,2,3,4,5,6-hexol, PubChem CID: 6251, CAS Number: 69-65-8, 87-78-5"
 , \Atmosphere\Particle phase\Composition\C6H10O5 (mannosan), C6H10O5 (mannosan), "IUPAC: (1R,2S,3S,4S,5R)-6,8-dioxabicyclo[3.2.1]octane-2,3,4-triol, PubChem CID: 10374739, CAS Number: n/a"
 , \Atmosphere\Total atmospheric deposition\C6H10O5 (mannosan), C6H10O5 (mannosan), "IUPAC: (1R,2S,3S,4S,5R)-6,8-dioxabicyclo[3.2.1]octane-2,3,4-triol, PubChem CID: 10374739, CAS Number: n/a"
 , \Atmosphere\Particle phase\Composition\C12H22O11 (sucrose), C12H22O11 (sucrose), "IUPAC: (2R,3R,4S,5S,6R)-2-[(2S,3S,4S,5R)-3,4-dihydroxy-2,5-bis(hydroxymethyl)oxolan-2-yl]oxy-6-(hydroxymethyl)oxane-3,4,5-triol, PubChem CID: 5988, CAS Number: 57-50-1"
 , \Atmosphere\Total atmospheric deposition\C12H22O11 (sucrose), C12H22O11 (sucrose), "IUPAC: (2R,3R,4S,5S,6R)-2-[(2S,3S,4S,5R)-3,4-dihydroxy-2,5-bis(hydroxymethyl)oxolan-2-yl]oxy-6-(hydroxymethyl)oxane-3,4,5-triol, PubChem CID: 5988, CAS Number: 57-50-1"
 , \Atmosphere\Particle phase\Composition\C12H22O11 (trehalose), C12H22O11 (trehalose), "IUPAC: (2R,3S,4S,5R,6R)-2-(hydroxymethyl)-6-[(2R,3R,4S,5S,6R)-3,4,5-trihydroxy-6-(hydroxymethyl)oxan-2-yl]oxyoxane-3,4,5-triol, PubChem CID: 7427, CAS Number: 99-20-7"
 , \Atmosphere\Total atmospheric deposition\C12H22O11 (trehalose), C12H22O11 (trehalose), "IUPAC: (2R,3S,4S,5R,6R)-2-(hydroxymethyl)-6-[(2R,3R,4S,5S,6R)-3,4,5-trihydroxy-6-(hydroxymethyl)oxan-2-yl]oxyoxane-3,4,5-triol, PubChem CID: 7427, CAS Number: 99-20-7"
 , \Atmosphere\Particle phase\Composition\C12HCl7O2 (1234678_HpCDD), C12HCl7O2 (1234678_HpCDD), "IUPAC: 1,2,3,4,6,7,8-heptachlorodibenzo-p-dioxin, PubChem CID: 37270, CAS Number: 35822-46-9, 37871-00-4"
 , \Atmosphere\Total atmospheric deposition\C12HCl7O2 (1234678_HpCDD), C12HCl7O2 (1234678_HpCDD), "IUPAC: 1,2,3,4,6,7,8-heptachlorodibenzo-p-dioxin, PubChem CID: 37270, CAS Number: 35822-46-9, 37871-00-4"
 , \Atmosphere\POPs\C12HCl7O2 (1234678_HpCDD), C12HCl7O2 (1234678_HpCDD), "IUPAC: 1,2,3,4,6,7,8-heptachlorodibenzo-p-dioxin, PubChem CID: 37270, CAS Number: 35822-46-9, 37871-00-4"
 , \Atmosphere\Particle phase\Composition\C12HCl7O (1234678_HpCDF), C12HCl7O (1234678_HpCDF), "IUPAC: 1,2,3,4,6,7,8-heptachlorodibenzofuran, PubChem CID: 38199, CAS Number: 38998-75-3"
 , \Atmosphere\Total atmospheric deposition\C12HCl7O (1234678_HpCDF), C12HCl7O (1234678_HpCDF), "IUPAC: 1,2,3,4,6,7,8-heptachlorodibenzofuran, PubChem CID: 38199, CAS Number: 38998-75-3"
 , \Atmosphere\POPs\C12HCl7O (1234678_HpCDF), C12HCl7O (1234678_HpCDF), "IUPAC: 1,2,3,4,6,7,8-heptachlorodibenzofuran, PubChem CID: 38199, CAS Number: 38998-75-3"
 , \Atmosphere\Particle phase\Composition\C12H2Cl6O2 (123478_HxCDD), C12H2Cl6O2 (123478_HxCDD), "IUPAC: 1,2,3,4,7,8-hexachlorodibenzo-p-dioxin, PubChem CID: 38251, CAS Number: 39227-28-6"
 , \Atmosphere\Total atmospheric deposition\C12H2Cl6O2 (123478_HxCDD), C12H2Cl6O2 (123478_HxCDD), "IUPAC: 1,2,3,4,7,8-hexachlorodibenzo-p-dioxin, PubChem CID: 38251, CAS Number: 39227-28-6"
 , \Atmosphere\POPs\C12H2Cl6O2 (123478_HxCDD), C12H2Cl6O2 (123478_HxCDD), "IUPAC: 1,2,3,4,7,8-hexachlorodibenzo-p-dioxin, PubChem CID: 38251, CAS Number: 39227-28-6"
 , \Atmosphere\Particle phase\Composition\C12H2Cl6O (123478_HxCDF), C12H2Cl6O (123478_HxCDF), "IUPAC: 1,2,3,4,7,8-hexachlorodibenzofuran, PubChem CID: 51130, CAS Number: 70648-26-9"
 , \Atmosphere\Total atmospheric deposition\C12H2Cl6O (123478_HxCDF), C12H2Cl6O (123478_HxCDF), "IUPAC: 1,2,3,4,7,8-hexachlorodibenzofuran, PubChem CID: 51130, CAS Number: 70648-26-9"
 , \Atmosphere\POPs\C12H2Cl6O (123478_HxCDF), C12H2Cl6O (123478_HxCDF), "IUPAC: 1,2,3,4,7,8-hexachlorodibenzofuran, PubChem CID: 51130, CAS Number: 70648-26-9"
 , \Atmosphere\Particle phase\Composition\C12HCl7O (1234789_HpCDF), C12HCl7O (1234789_HpCDF), "IUPAC: 1,2,3,4,7,8,9-heptachlorodibenzofuran, PubChem CID: 41510, CAS Number: 55673-89-7"
 , \Atmosphere\Total atmospheric deposition\C12HCl7O (1234789_HpCDF), C12HCl7O (1234789_HpCDF), "IUPAC: 1,2,3,4,7,8,9-heptachlorodibenzofuran, PubChem CID: 41510, CAS Number: 55673-89-7"
 , \Atmosphere\POPs\C12HCl7O (1234789_HpCDF), C12HCl7O (1234789_HpCDF), "IUPAC: 1,2,3,4,7,8,9-heptachlorodibenzofuran, PubChem CID: 41510, CAS Number: 55673-89-7"
 , \Atmosphere\Particle phase\Composition\C12H2Cl6O2 (123678_HxCDD), C12H2Cl6O2 (123678_HxCDD), "IUPAC: 1,2,3,6,7,8-hexachlorodibenzo-p-dioxin, PubChem CID: 42540, CAS Number: 57653-85-7"
 , \Atmosphere\Total atmospheric deposition\C12H2Cl6O2 (123678_HxCDD), C12H2Cl6O2 (123678_HxCDD), "IUPAC: 1,2,3,6,7,8-hexachlorodibenzo-p-dioxin, PubChem CID: 42540, CAS Number: 57653-85-7"
 , \Atmosphere\POPs\C12H2Cl6O2 (123678_HxCDD), C12H2Cl6O2 (123678_HxCDD), "IUPAC: 1,2,3,6,7,8-hexachlorodibenzo-p-dioxin, PubChem CID: 42540, CAS Number: 57653-85-7"
 , \Atmosphere\Particle phase\Composition\C12H2Cl6O (123678_HxCDF), C12H2Cl6O (123678_HxCDF), "IUPAC: 1,2,3,6,7,8-hexachlorodibenzofuran, PubChem CID: 42140, CAS Number: 57117-44-9"
 , \Atmosphere\Total atmospheric deposition\C12H2Cl6O (123678_HxCDF), C12H2Cl6O (123678_HxCDF), "IUPAC: 1,2,3,6,7,8-hexachlorodibenzofuran, PubChem CID: 42140, CAS Number: 57117-44-9"
 , \Atmosphere\POPs\C12H2Cl6O (123678_HxCDF), C12H2Cl6O (123678_HxCDF), "IUPAC: 1,2,3,6,7,8-hexachlorodibenzofuran, PubChem CID: 42140, CAS Number: 57117-44-9"
 , \Atmosphere\Particle phase\Composition\C12H3Cl5O2 (12378_PeCDD), C12H3Cl5O2 (12378_PeCDD), "IUPAC: 1,2,3,7,8-pentachlorodibenzo-p-dioxin, PubChem CID: 38439, CAS Number: 40321-76-4"
 , \Atmosphere\Total atmospheric deposition\C12H3Cl5O2 (12378_PeCDD), C12H3Cl5O2 (12378_PeCDD), "IUPAC: 1,2,3,7,8-pentachlorodibenzo-p-dioxin, PubChem CID: 38439, CAS Number: 40321-76-4"
 , \Atmosphere\POPs\C12H3Cl5O2 (12378_PeCDD), C12H3Cl5O2 (12378_PeCDD), "IUPAC: 1,2,3,7,8-pentachlorodibenzo-p-dioxin, PubChem CID: 38439, CAS Number: 40321-76-4"
 , \Atmosphere\Particle phase\Composition\C12H3Cl5O (12378_PeCDF), C12H3Cl5O (12378_PeCDF), "IUPAC: 1,2,3,7,8-pentachlorodibenzofuran, PubChem CID: 42138, CAS Number: 57117-41-6"
 , \Atmosphere\Total atmospheric deposition\C12H3Cl5O (12378_PeCDF), C12H3Cl5O (12378_PeCDF), "IUPAC: 1,2,3,7,8-pentachlorodibenzofuran, PubChem CID: 42138, CAS Number: 57117-41-6"
 , \Atmosphere\POPs\C12H3Cl5O (12378_PeCDF), C12H3Cl5O (12378_PeCDF), "IUPAC: 1,2,3,7,8-pentachlorodibenzofuran, PubChem CID: 42138, CAS Number: 57117-41-6"
 , \Atmosphere\Particle phase\Composition\C12H2Cl6O2 (123789_HxCDD), C12H2Cl6O2 (123789_HxCDD), "IUPAC: 1,2,3,7,8,9-hexachlorodibenzo-p-dioxin, PubChem CID: 29575, CAS Number: 19408-74-3"
 , \Atmosphere\Total atmospheric deposition\C12H2Cl6O2 (123789_HxCDD), C12H2Cl6O2 (123789_HxCDD), "IUPAC: 1,2,3,7,8,9-hexachlorodibenzo-p-dioxin, PubChem CID: 29575, CAS Number: 19408-74-3"
 , \Atmosphere\POPs\C12H2Cl6O2 (123789_HxCDD), C12H2Cl6O2 (123789_HxCDD), "IUPAC: 1,2,3,7,8,9-hexachlorodibenzo-p-dioxin, PubChem CID: 29575, CAS Number: 19408-74-3"
 , \Atmosphere\Particle phase\Composition\C12H2Cl6O (123789_HxCDF), C12H2Cl6O (123789_HxCDF), "IUPAC: 1,2,3,7,8,9-hexachlorodibenzofuran, PubChem CID: 51720, CAS Number: 72918-21-9"
 , \Atmosphere\Total atmospheric deposition\C12H2Cl6O (123789_HxCDF), C12H2Cl6O (123789_HxCDF), "IUPAC: 1,2,3,7,8,9-hexachlorodibenzofuran, PubChem CID: 51720, CAS Number: 72918-21-9"
 , \Atmosphere\POPs\C12H2Cl6O (123789_HxCDF), C12H2Cl6O (123789_HxCDF), "IUPAC: 1,2,3,7,8,9-hexachlorodibenzofuran, PubChem CID: 51720, CAS Number: 72918-21-9"
 , \Atmosphere\Gas\C9H12 (1-2-3-trimethylbenzene), C9H12 (1-2-3-trimethylbenzene), "IUPAC: 1,2,3-trimethylbenzene, PubChem CID: 10686, CAS Number: 526-73-8"
 , \Atmosphere\Particle phase\Composition\C9H12 (1-2-3-trimethylbenzene), C9H12 (1-2-3-trimethylbenzene), "IUPAC: 1,2,3-trimethylbenzene, PubChem CID: 10686, CAS Number: 526-73-8"
 , \Atmosphere\Total atmospheric deposition\C9H12 (1-2-3-trimethylbenzene), C9H12 (1-2-3-trimethylbenzene), "IUPAC: 1,2,3-trimethylbenzene, PubChem CID: 10686, CAS Number: 526-73-8"
 , \Atmosphere\Gas\C4H6 (1-butyne), C4H6 (1-butyne), "IUPAC: but-1-yne, PubChem CID: 7846, CAS Number: 107-00-6"
 , \Atmosphere\Gas\C7H16 (2-2-3-trimethylbutane), C7H16 (2-2-3-trimethylbutane), "IUPAC: 2,2,3-trimethylbutane, PubChem CID: 10044, CAS Number: 464-06-2"
 , \Atmosphere\Gas\C8H18 (2-2-4-trimethylpentane), C8H18 (2-2-4-trimethylpentane), "IUPAC: 2,2,4-trimethylpentane, PubChem CID: 10907, CAS Number: 540-84-1"
 , \Atmosphere\Gas\C7H16 (2-2-dimethylpentane), C7H16 (2-2-dimethylpentane), "IUPAC: 2,2-dimethylpentane, PubChem CID: 11542, CAS Number: 590-35-2"
 , \Atmosphere\Particle phase\Composition\C12H2Cl6O (234678_HxCDF), C12H2Cl6O (234678_HxCDF), "IUPAC: 2,3,4,6,7,8-hexachlorodibenzofuran, PubChem CID: 43495, CAS Number: 60851-34-5"
 , \Atmosphere\Total atmospheric deposition\C12H2Cl6O (234678_HxCDF), C12H2Cl6O (234678_HxCDF), "IUPAC: 2,3,4,6,7,8-hexachlorodibenzofuran, PubChem CID: 43495, CAS Number: 60851-34-5"
 , \Atmosphere\POPs\C12H2Cl6O (234678_HxCDF), C12H2Cl6O (234678_HxCDF), "IUPAC: 2,3,4,6,7,8-hexachlorodibenzofuran, PubChem CID: 43495, CAS Number: 60851-34-5"
 , \Atmosphere\Particle phase\Composition\C12H3Cl5O (23478_PeCDF), C12H3Cl5O (23478_PeCDF), "IUPAC: 2,3,4,7,8-pentachlorodibenzofuran, PubChem CID: 42128, CAS Number: 57117-31-4"
 , \Atmosphere\Total atmospheric deposition\C12H3Cl5O (23478_PeCDF), C12H3Cl5O (23478_PeCDF), "IUPAC: 2,3,4,7,8-pentachlorodibenzofuran, PubChem CID: 42128, CAS Number: 57117-31-4"
 , \Atmosphere\POPs\C12H3Cl5O (23478_PeCDF), C12H3Cl5O (23478_PeCDF), "IUPAC: 2,3,4,7,8-pentachlorodibenzofuran, PubChem CID: 42128, CAS Number: 57117-31-4"
 , \Atmosphere\Particle phase\Composition\C12H4Cl4O2 (2378_TCDD), C12H4Cl4O2 (2378_TCDD), "IUPAC: 2,3,7,8-tetrachlorodibenzo-p-dioxin, PubChem CID: 15625, CAS Number: 1746-01-6"
 , \Atmosphere\Total atmospheric deposition\C12H4Cl4O2 (2378_TCDD), C12H4Cl4O2 (2378_TCDD), "IUPAC: 2,3,7,8-tetrachlorodibenzo-p-dioxin, PubChem CID: 15625, CAS Number: 1746-01-6"
 , \Atmosphere\POPs\C12H4Cl4O2 (2378_TCDD), C12H4Cl4O2 (2378_TCDD), "IUPAC: 2,3,7,8-tetrachlorodibenzo-p-dioxin, PubChem CID: 15625, CAS Number: 1746-01-6"
 , \Atmosphere\Particle phase\Composition\C12H4Cl4O (2378_TCDF), C12H4Cl4O (2378_TCDF), "IUPAC: 2,3,7,8-tetrachlorodibenzofuran, PubChem CID: 39929, CAS Number: 51207-31-9"
 , \Atmosphere\Total atmospheric deposition\C12H4Cl4O (2378_TCDF), C12H4Cl4O (2378_TCDF), "IUPAC: 2,3,7,8-tetrachlorodibenzofuran, PubChem CID: 39929, CAS Number: 51207-31-9"
 , \Atmosphere\POPs\C12H4Cl4O (2378_TCDF), C12H4Cl4O (2378_TCDF), "IUPAC: 2,3,7,8-tetrachlorodibenzofuran, PubChem CID: 39929, CAS Number: 51207-31-9"
 , \Atmosphere\Gas\C7H16 (2-3-dimethylpentane), C7H16 (2-3-dimethylpentane), "IUPAC: 2,3-dimethylpentane, PubChem CID: 11260, CAS Number: 565-59-3"
 , \Atmosphere\Gas\C7H16 (2-4-dimethylpentane), C7H16 (2-4-dimethylpentane), "IUPAC: 2,4-dimethylpentane, PubChem CID: 7907, CAS Number: 108-08-7"
 , \Atmosphere\Gas\C7H16 (3-3-dimethylpentane), C7H16 (3-3-dimethylpentane), "IUPAC: 3,3-dimethylpentane, PubChem CID: 11229, CAS Number: 562-49-2"
 , \Atmosphere\Gas\C8H18 (3-methylheptane), C8H18 (3-methylheptane), "IUPAC: 3-methylheptane, PubChem CID: 11519, CAS Number: 589-81-1"
 , \Atmosphere\Gas\C10H16 (alpha-pinene), C10H16 (alpha-pinene), "IUPAC: 2,6,6-trimethylbicyclo[3.1.1]hept-2-ene, PubChem CID: 6654, CAS Number: 80-56-8"
 , \Atmosphere\Particle phase\Composition\C10H16 (alpha-pinene), C10H16 (alpha-pinene), "IUPAC: 2,6,6-trimethylbicyclo[3.1.1]hept-2-ene, PubChem CID: 6654, CAS Number: 80-56-8"
 , \Atmosphere\Total atmospheric deposition\C10H16 (alpha-pinene), C10H16 (alpha-pinene), "IUPAC: 2,6,6-trimethylbicyclo[3.1.1]hept-2-ene, PubChem CID: 6654, CAS Number: 80-56-8"
 , \Atmosphere\Particle phase\Composition\C12H5Br5O (BDE-100), C12H5Br5O (BDE-100), "IUPAC: 1,3,5-tribromo-2-(2,4-dibromophenoxy)benzene, PubChem CID: 154083, CAS Number: 189084-64-8"
 , \Atmosphere\Total atmospheric deposition\C12H5Br5O (BDE-100), C12H5Br5O (BDE-100), "IUPAC: 1,3,5-tribromo-2-(2,4-dibromophenoxy)benzene, PubChem CID: 154083, CAS Number: 189084-64-8"
 , \Atmosphere\POPs\C12H5Br5O (BDE-100), C12H5Br5O (BDE-100), "IUPAC: 1,3,5-tribromo-2-(2,4-dibromophenoxy)benzene, PubChem CID: 154083, CAS Number: 189084-64-8"
 , \Atmosphere\Particle phase\Composition\C12H4Br6O (BDE-138), C12H4Br6O (BDE-138), "IUPAC: 1,2,3-tribromo-4-(2,4,5-tribromophenoxy)benzene, PubChem CID: 15254861, CAS Number: 182677-30-1"
 , \Atmosphere\Total atmospheric deposition\C12H4Br6O (BDE-138), C12H4Br6O (BDE-138), "IUPAC: 1,2,3-tribromo-4-(2,4,5-tribromophenoxy)benzene, PubChem CID: 15254861, CAS Number: 182677-30-1"
 , \Atmosphere\POPs\C12H4Br6O (BDE-138), C12H4Br6O (BDE-138), "IUPAC: 1,2,3-tribromo-4-(2,4,5-tribromophenoxy)benzene, PubChem CID: 15254861, CAS Number: 182677-30-1"
 , \Atmosphere\Particle phase\Composition\C12H4Br6O (BDE-153), C12H4Br6O (BDE-153), "IUPAC: 1,2,4-tribromo-5-(2,4,5-tribromophenoxy)benzene, PubChem CID: 155166, CAS Number: 68631-49-2"
 , \Atmosphere\Total atmospheric deposition\C12H4Br6O (BDE-153), C12H4Br6O (BDE-153), "IUPAC: 1,2,4-tribromo-5-(2,4,5-tribromophenoxy)benzene, PubChem CID: 155166, CAS Number: 68631-49-2"
 , \Atmosphere\POPs\C12H4Br6O (BDE-153), C12H4Br6O (BDE-153), "IUPAC: 1,2,4-tribromo-5-(2,4,5-tribromophenoxy)benzene, PubChem CID: 155166, CAS Number: 68631-49-2"
 , \Atmosphere\Particle phase\Composition\C12H4Br6O (BDE-154), C12H4Br6O (BDE-154), "IUPAC: 1,2,4-tribromo-5-(2,4,6-tribromophenoxy)benzene, PubChem CID: 15509898, CAS Number: 207122-15-4"
 , \Atmosphere\Total atmospheric deposition\C12H4Br6O (BDE-154), C12H4Br6O (BDE-154), "IUPAC: 1,2,4-tribromo-5-(2,4,6-tribromophenoxy)benzene, PubChem CID: 15509898, CAS Number: 207122-15-4"
 , \Atmosphere\POPs\C12H4Br6O (BDE-154), C12H4Br6O (BDE-154), "IUPAC: 1,2,4-tribromo-5-(2,4,6-tribromophenoxy)benzene, PubChem CID: 15509898, CAS Number: 207122-15-4"
 , \Atmosphere\Particle phase\Composition\C12H7Br3O (BDE-17), C12H7Br3O (BDE-17), "IUPAC: 2,4-dibromo-1-(2-bromophenoxy)benzene, PubChem CID: 14274807, CAS Number: 147217-75-2"
 , \Atmosphere\Total atmospheric deposition\C12H7Br3O (BDE-17), C12H7Br3O (BDE-17), "IUPAC: 2,4-dibromo-1-(2-bromophenoxy)benzene, PubChem CID: 14274807, CAS Number: 147217-75-2"
 , \Atmosphere\POPs\C12H7Br3O (BDE-17), C12H7Br3O (BDE-17), "IUPAC: 2,4-dibromo-1-(2-bromophenoxy)benzene, PubChem CID: 14274807, CAS Number: 147217-75-2"
 , \Atmosphere\Particle phase\Composition\C12H3Br7O (BDE-183), C12H3Br7O (BDE-183), "IUPAC: 1,2,3,5-tetrabromo-4-(2,4,5-tribromophenoxy)benzene, PubChem CID: 15509899, CAS Number: 207122-16-5"
 , \Atmosphere\Total atmospheric deposition\C12H3Br7O (BDE-183), C12H3Br7O (BDE-183), "IUPAC: 1,2,3,5-tetrabromo-4-(2,4,5-tribromophenoxy)benzene, PubChem CID: 15509899, CAS Number: 207122-16-5"
 , \Atmosphere\POPs\C12H3Br7O (BDE-183), C12H3Br7O (BDE-183), "IUPAC: 1,2,3,5-tetrabromo-4-(2,4,5-tribromophenoxy)benzene, PubChem CID: 15509899, CAS Number: 207122-16-5"
 , \Atmosphere\Particle phase\Composition\C12H3Br7O (BDE-190), C12H3Br7O (BDE-190), "IUPAC: 1,2,3,4,5-pentabromo-6-(3,4-dibromophenoxy)benzene, PubChem CID: 12110099, CAS Number: 189084-68-2"
 , \Atmosphere\Total atmospheric deposition\C12H3Br7O (BDE-190), C12H3Br7O (BDE-190), "IUPAC: 1,2,3,4,5-pentabromo-6-(3,4-dibromophenoxy)benzene, PubChem CID: 12110099, CAS Number: 189084-68-2"
 , \Atmosphere\POPs\C12H3Br7O (BDE-190), C12H3Br7O (BDE-190), "IUPAC: 1,2,3,4,5-pentabromo-6-(3,4-dibromophenoxy)benzene, PubChem CID: 12110099, CAS Number: 189084-68-2"
 , \Atmosphere\Particle phase\Composition\C12Br10O (BDE-209), C12Br10O (BDE-209), "IUPAC: 1,2,3,4,5-pentabromo-6-(2,3,4,5,6-pentabromophenoxy)benzene, PubChem CID: 14410, CAS Number: 1163-19-5"
 , \Atmosphere\Total atmospheric deposition\C12Br10O (BDE-209), C12Br10O (BDE-209), "IUPAC: 1,2,3,4,5-pentabromo-6-(2,3,4,5,6-pentabromophenoxy)benzene, PubChem CID: 14410, CAS Number: 1163-19-5"
 , \Atmosphere\POPs\C12Br10O (BDE-209), C12Br10O (BDE-209), "IUPAC: 1,2,3,4,5-pentabromo-6-(2,3,4,5,6-pentabromophenoxy)benzene, PubChem CID: 14410, CAS Number: 1163-19-5"
 , \Atmosphere\Particle phase\Composition\C12H7Br3O (BDE-28), C12H7Br3O (BDE-28), "IUPAC: 2,4-dibromo-1-(4-bromophenoxy)benzene, PubChem CID: 12110098, CAS Number: 41318-75-6"
 , \Atmosphere\Total atmospheric deposition\C12H7Br3O (BDE-28), C12H7Br3O (BDE-28), "IUPAC: 2,4-dibromo-1-(4-bromophenoxy)benzene, PubChem CID: 12110098, CAS Number: 41318-75-6"
 , \Atmosphere\POPs\C12H7Br3O (BDE-28), C12H7Br3O (BDE-28), "IUPAC: 2,4-dibromo-1-(4-bromophenoxy)benzene, PubChem CID: 12110098, CAS Number: 41318-75-6"
 , \Atmosphere\Particle phase\Composition\C12H6Br4O (BDE-47), C12H6Br4O (BDE-47), "IUPAC: 2,4-dibromo-1-(2,4-dibromophenoxy)benzene, PubChem CID: 95170, CAS Number: 5436-43-1"
 , \Atmosphere\Total atmospheric deposition\C12H6Br4O (BDE-47), C12H6Br4O (BDE-47), "IUPAC: 2,4-dibromo-1-(2,4-dibromophenoxy)benzene, PubChem CID: 95170, CAS Number: 5436-43-1"
 , \Atmosphere\POPs\C12H6Br4O (BDE-47), C12H6Br4O (BDE-47), "IUPAC: 2,4-dibromo-1-(2,4-dibromophenoxy)benzene, PubChem CID: 95170, CAS Number: 5436-43-1"
 , \Atmosphere\Particle phase\Composition\C12H6Br4O (BDE-66), C12H6Br4O (BDE-66), "IUPAC: 1,2-dibromo-4-(2,4-dibromophenoxy)benzene, PubChem CID: 15509893, CAS Number: 189084-61-5"
 , \Atmosphere\Total atmospheric deposition\C12H6Br4O (BDE-66), C12H6Br4O (BDE-66), "IUPAC: 1,2-dibromo-4-(2,4-dibromophenoxy)benzene, PubChem CID: 15509893, CAS Number: 189084-61-5"
 , \Atmosphere\POPs\C12H6Br4O (BDE-66), C12H6Br4O (BDE-66), "IUPAC: 1,2-dibromo-4-(2,4-dibromophenoxy)benzene, PubChem CID: 15509893, CAS Number: 189084-61-5"
 , \Atmosphere\Particle phase\Composition\C12H6Br4O (BDE-71), C12H6Br4O (BDE-71), "IUPAC: 1,2-dibromo-4-(2,6-dibromophenoxy)benzene, PubChem CID: 15509894, CAS Number: 189084-62-6"
 , \Atmosphere\Total atmospheric deposition\C12H6Br4O (BDE-71), C12H6Br4O (BDE-71), "IUPAC: 1,2-dibromo-4-(2,6-dibromophenoxy)benzene, PubChem CID: 15509894, CAS Number: 189084-62-6"
 , \Atmosphere\POPs\C12H6Br4O (BDE-71), C12H6Br4O (BDE-71), "IUPAC: 1,2-dibromo-4-(2,6-dibromophenoxy)benzene, PubChem CID: 15509894, CAS Number: 189084-62-6"
 , \Atmosphere\Particle phase\Composition\C12H5Br5O (BDE-85), C12H5Br5O (BDE-85), "IUPAC: 1,2,3-tribromo-4-(2,4-dibromophenoxy)benzene, PubChem CID: 177368, CAS Number: 182346-21-0"
 , \Atmosphere\Total atmospheric deposition\C12H5Br5O (BDE-85), C12H5Br5O (BDE-85), "IUPAC: 1,2,3-tribromo-4-(2,4-dibromophenoxy)benzene, PubChem CID: 177368, CAS Number: 182346-21-0"
 , \Atmosphere\POPs\C12H5Br5O (BDE-85), C12H5Br5O (BDE-85), "IUPAC: 1,2,3-tribromo-4-(2,4-dibromophenoxy)benzene, PubChem CID: 177368, CAS Number: 182346-21-0"
 , \Atmosphere\Particle phase\Composition\C12H5Br5O (BDE-99), C12H5Br5O (BDE-99), "IUPAC: 1,2,4-tribromo-5-(2,4-dibromophenoxy)benzene, PubChem CID: 36159, CAS Number: 60348-60-9"
 , \Atmosphere\Total atmospheric deposition\C12H5Br5O (BDE-99), C12H5Br5O (BDE-99), "IUPAC: 1,2,4-tribromo-5-(2,4-dibromophenoxy)benzene, PubChem CID: 36159, CAS Number: 60348-60-9"
 , \Atmosphere\POPs\C12H5Br5O (BDE-99), C12H5Br5O (BDE-99), "IUPAC: 1,2,4-tribromo-5-(2,4-dibromophenoxy)benzene, PubChem CID: 36159, CAS Number: 60348-60-9"
 , \Atmosphere\Particle phase\Composition\C22H12 (benzo_ghi_perylene), C22H12 (benzo_ghi_perylene), "IUPAC: hexacyclo[12.8.0.02,11.03,8.04,21.017,22]docosa-1(14),2(11),3(8),4,6,9,12,15,17(22),18,20-undecaene, PubChem CID: 9117, CAS Number: 191-24-2"
 , \Atmosphere\Total atmospheric deposition\C22H12 (benzo_ghi_perylene), C22H12 (benzo_ghi_perylene), "IUPAC: hexacyclo[12.8.0.02,11.03,8.04,21.017,22]docosa-1(14),2(11),3(8),4,6,9,12,15,17(22),18,20-undecaene, PubChem CID: 9117, CAS Number: 191-24-2"
 , \Atmosphere\POPs\C22H12 (benzo_ghi_perylene), C22H12 (benzo_ghi_perylene), "IUPAC: hexacyclo[12.8.0.02,11.03,8.04,21.017,22]docosa-1(14),2(11),3(8),4,6,9,12,15,17(22),18,20-undecaene, PubChem CID: 9117, CAS Number: 191-24-2"
 , \Atmosphere\ (cis_CD),  (cis_CD), "IUPAC: , PubChem CID: , CAS Number: "
 , \Atmosphere\ (cis_NO),  (cis_NO), "IUPAC: , PubChem CID: , CAS Number: "
 , \Atmosphere\Particle phase\Composition\C12H8Cl6O (dieldrin), C12H8Cl6O (dieldrin), "IUPAC: (1R,2S,3S,6R,7R,8S,9S,11R)-3,4,5,6,13,13-hexachloro-10-oxapentacyclo[6.3.1.13,6.02,7.09,11]tridec-4-ene, PubChem CID: 969491, CAS Number: 60-57-1"
 , \Atmosphere\Total atmospheric deposition\C12H8Cl6O (dieldrin), C12H8Cl6O (dieldrin), "IUPAC: (1R,2S,3S,6R,7R,8S,9S,11R)-3,4,5,6,13,13-hexachloro-10-oxapentacyclo[6.3.1.13,6.02,7.09,11]tridec-4-ene, PubChem CID: 969491, CAS Number: 60-57-1"
 , \Atmosphere\POPs\C12H8Cl6O (dieldrin), C12H8Cl6O (dieldrin), "IUPAC: (1R,2S,3S,6R,7R,8S,9S,11R)-3,4,5,6,13,13-hexachloro-10-oxapentacyclo[6.3.1.13,6.02,7.09,11]tridec-4-ene, PubChem CID: 969491, CAS Number: 60-57-1"
 , \Atmosphere\Particle phase\Composition\C9H6Cl6O3S (endosulfan), C9H6Cl6O3S (endosulfan), "IUPAC: 1,9,10,11,12,12-hexachloro-4,6-dioxa-5λ4-thiatricyclo[7.2.1.02,8]dodec-10-ene 5-oxide, PubChem CID: 3224, CAS Number: 115-29-7"
 , \Atmosphere\Total atmospheric deposition\C9H6Cl6O3S (endosulfan), C9H6Cl6O3S (endosulfan), "IUPAC: 1,9,10,11,12,12-hexachloro-4,6-dioxa-5λ4-thiatricyclo[7.2.1.02,8]dodec-10-ene 5-oxide, PubChem CID: 3224, CAS Number: 115-29-7"
 , \Atmosphere\POPs\C9H6Cl6O3S (endosulfan), C9H6Cl6O3S (endosulfan), "IUPAC: 1,9,10,11,12,12-hexachloro-4,6-dioxa-5λ4-thiatricyclo[7.2.1.02,8]dodec-10-ene 5-oxide, PubChem CID: 3224, CAS Number: 115-29-7"
 , \Atmosphere\Particle phase\Composition\C12H8Cl6O (endrin), C12H8Cl6O (endrin), "IUPAC: 3,4,5,6,13,13-hexachloro-10-oxapentacyclo[6.3.1.13,6.02,7.09,11]tridec-4-ene, PubChem CID: 3048, CAS Number: 72-20-8"
 , \Atmosphere\Total atmospheric deposition\C12H8Cl6O (endrin), C12H8Cl6O (endrin), "IUPAC: 3,4,5,6,13,13-hexachloro-10-oxapentacyclo[6.3.1.13,6.02,7.09,11]tridec-4-ene, PubChem CID: 3048, CAS Number: 72-20-8"
 , \Atmosphere\POPs\C12H8Cl6O (endrin), C12H8Cl6O (endrin), "IUPAC: 3,4,5,6,13,13-hexachloro-10-oxapentacyclo[6.3.1.13,6.02,7.09,11]tridec-4-ene, PubChem CID: 3048, CAS Number: 72-20-8"
 , \Atmosphere\Particle phase\Composition\C16H10 (fluoranthene), C16H10 (fluoranthene), "IUPAC: fluoranthene, PubChem CID: 9154, CAS Number: 206-44-0"
 , \Atmosphere\Total atmospheric deposition\C16H10 (fluoranthene), C16H10 (fluoranthene), "IUPAC: fluoranthene, PubChem CID: 9154, CAS Number: 206-44-0"
 , \Atmosphere\POPs\C16H10 (fluoranthene), C16H10 (fluoranthene), "IUPAC: fluoranthene, PubChem CID: 9154, CAS Number: 206-44-0"
 , \Atmosphere\Particle phase\Composition\C8H5F13O3S (FTS_6-2), C8H5F13O3S (FTS_6-2), "IUPAC: 3,3,4,4,5,5,6,6,7,7,8,8,8-tridecafluorooctane-1-sulfonic acid, PubChem CID: n/a, CAS Number: 27619-97-2"
 , \Atmosphere\Total atmospheric deposition\C8H5F13O3S (FTS_6-2), C8H5F13O3S (FTS_6-2), "IUPAC: 3,3,4,4,5,5,6,6,7,7,8,8,8-tridecafluorooctane-1-sulfonic acid, PubChem CID: n/a, CAS Number: 27619-97-2"
 , \Atmosphere\POPs\C8H5F13O3S (FTS_6-2), C8H5F13O3S (FTS_6-2), "IUPAC: 3,3,4,4,5,5,6,6,7,7,8,8,8-tridecafluorooctane-1-sulfonic acid, PubChem CID: n/a, CAS Number: 27619-97-2"
 , \Atmosphere\Particle phase\Composition\C2Br2F4 (Halon 2402), C2Br2F4 (Halon 2402), "IUPAC: 1,2-dibromo-1,1,2,2-tetrafluoroethane, PubChem CID: 31301, CAS Number: 124-73-2"
 , \Atmosphere\Total atmospheric deposition\C2Br2F4 (Halon 2402), C2Br2F4 (Halon 2402), "IUPAC: 1,2-dibromo-1,1,2,2-tetrafluoroethane, PubChem CID: 31301, CAS Number: 124-73-2"
 , \Atmosphere\POPs\C2Br2F4 (Halon 2402), C2Br2F4 (Halon 2402), "IUPAC: 1,2-dibromo-1,1,2,2-tetrafluoroethane, PubChem CID: 31301, CAS Number: 124-73-2"
 , \Atmosphere\Particle phase\Composition\C10H5Cl7 (heptachlor), C10H5Cl7 (heptachlor), "IUPAC: 1,5,7,8,9,10,10-heptachlorotricyclo[5.2.1.02,6]deca-3,8-diene, PubChem CID: 3589, CAS Number: 76-44-8"
 , \Atmosphere\Total atmospheric deposition\C10H5Cl7 (heptachlor), C10H5Cl7 (heptachlor), "IUPAC: 1,5,7,8,9,10,10-heptachlorotricyclo[5.2.1.02,6]deca-3,8-diene, PubChem CID: 3589, CAS Number: 76-44-8"
 , \Atmosphere\POPs\C10H5Cl7 (heptachlor), C10H5Cl7 (heptachlor), "IUPAC: 1,5,7,8,9,10,10-heptachlorotricyclo[5.2.1.02,6]deca-3,8-diene, PubChem CID: 3589, CAS Number: 76-44-8"
 , \Atmosphere\Particle phase\Composition\C10H5Cl7O (heptachlorepoxide), C10H5Cl7O (heptachlorepoxide), "IUPAC: 1,6,8,9,10,11,11-heptachloro-4-oxatetracyclo[6.2.1.02,7.03,5]undec-9-ene, PubChem CID: 13930, CAS Number: 1024-57-3"
 , \Atmosphere\Total atmospheric deposition\C10H5Cl7O (heptachlorepoxide), C10H5Cl7O (heptachlorepoxide), "IUPAC: 1,6,8,9,10,11,11-heptachloro-4-oxatetracyclo[6.2.1.02,7.03,5]undec-9-ene, PubChem CID: 13930, CAS Number: 1024-57-3"
 , \Atmosphere\POPs\C10H5Cl7O (heptachlorepoxide), C10H5Cl7O (heptachlorepoxide), "IUPAC: 1,6,8,9,10,11,11-heptachloro-4-oxatetracyclo[6.2.1.02,7.03,5]undec-9-ene, PubChem CID: 13930, CAS Number: 1024-57-3"
 , \Atmosphere\Gas\C5H2F10 (HFC-4310mee), C5H2F10 (HFC-4310mee), "IUPAC: 1,1,1,2,2,3,4,5,5,5-decafluoropentane, PubChem CID: 86240, CAS Number: 138495-42-8"
 , \Atmosphere\Gas\C10H16 (limonene), C10H16 (limonene), "IUPAC: 1-methyl-4-prop-1-en-2-ylcyclohexene, PubChem CID: 22311, CAS Number: 138-86-3"
 , \Atmosphere\Particle phase\Composition\C10H16 (limonene), C10H16 (limonene), "IUPAC: 1-methyl-4-prop-1-en-2-ylcyclohexene, PubChem CID: 22311, CAS Number: 138-86-3"
 , \Atmosphere\Total atmospheric deposition\C10H16 (limonene), C10H16 (limonene), "IUPAC: 1-methyl-4-prop-1-en-2-ylcyclohexene, PubChem CID: 22311, CAS Number: 138-86-3"
 , \Atmosphere\Gas\C7H14 (methyl-cyclohexane), C7H14 (methyl-cyclohexane), "IUPAC: methylcyclohexane, PubChem CID: 7962, CAS Number: 108-87-2"
 , \Atmosphere\Gas\F3N (nitrogen_trifluoride), F3N (nitrogen_trifluoride), "IUPAC: nitrogen trifluoride, PubChem CID: 24553, CAS Number: 7783-54-2"
 , \Atmosphere\Gas\C9H20 (n-nonane), C9H20 (n-nonane), "IUPAC: nonane, PubChem CID: 8141, CAS Number: 111-84-2"
 , \Atmosphere\Gas\C8H18 (n-octane), C8H18 (n-octane), "IUPAC: octane, PubChem CID: 356, CAS Number: 111-65-9"
 , \Atmosphere\Gas\C3H8O (n-propanol), C3H8O (n-propanol), "IUPAC: propan-1-ol, PubChem CID: 1031, CAS Number: 71-23-8"
 , \Atmosphere\Particle phase\Composition\C12Cl8O2 (OCDD), C12Cl8O2 (OCDD), "IUPAC: 1,2,3,4,6,7,8,9-octachlorodibenzo-p-dioxin, PubChem CID: 18636, CAS Number: 3268-87-9"
 , \Atmosphere\Total atmospheric deposition\C12Cl8O2 (OCDD), C12Cl8O2 (OCDD), "IUPAC: 1,2,3,4,6,7,8,9-octachlorodibenzo-p-dioxin, PubChem CID: 18636, CAS Number: 3268-87-9"
 , \Atmosphere\POPs\C12Cl8O2 (OCDD), C12Cl8O2 (OCDD), "IUPAC: 1,2,3,4,6,7,8,9-octachlorodibenzo-p-dioxin, PubChem CID: 18636, CAS Number: 3268-87-9"
 , \Atmosphere\Particle phase\Composition\C12Cl8O (OCDF), C12Cl8O (OCDF), "IUPAC: 1,2,3,4,6,7,8,9-octachlorodibenzofuran, PubChem CID: 38200, CAS Number: 39001-02-0"
 , \Atmosphere\Total atmospheric deposition\C12Cl8O (OCDF), C12Cl8O (OCDF), "IUPAC: 1,2,3,4,6,7,8,9-octachlorodibenzofuran, PubChem CID: 38200, CAS Number: 39001-02-0"
 , \Atmosphere\POPs\C12Cl8O (OCDF), C12Cl8O (OCDF), "IUPAC: 1,2,3,4,6,7,8,9-octachlorodibenzofuran, PubChem CID: 38200, CAS Number: 39001-02-0"
 , \Atmosphere\Particle phase\Composition\C14H8Cl4 (op_DDE), C14H8Cl4 (op_DDE), "IUPAC: 1-chloro-2-[2,2-dichloro-1-(4-chlorophenyl)ethenyl]benzene, PubChem CID: 246598, CAS Number: 3424-82-6"
 , \Atmosphere\Total atmospheric deposition\C14H8Cl4 (op_DDE), C14H8Cl4 (op_DDE), "IUPAC: 1-chloro-2-[2,2-dichloro-1-(4-chlorophenyl)ethenyl]benzene, PubChem CID: 246598, CAS Number: 3424-82-6"
 , \Atmosphere\POPs\C14H8Cl4 (op_DDE), C14H8Cl4 (op_DDE), "IUPAC: 1-chloro-2-[2,2-dichloro-1-(4-chlorophenyl)ethenyl]benzene, PubChem CID: 246598, CAS Number: 3424-82-6"
 , \Atmosphere\Particle phase\Composition\C14H9Cl5 (op_DDT), C14H9Cl5 (op_DDT), "IUPAC: 1-chloro-2-[2,2,2-trichloro-1-(4-chlorophenyl)ethyl]benzene, PubChem CID: 13089, CAS Number: 789-02-6"
 , \Atmosphere\Total atmospheric deposition\C14H9Cl5 (op_DDT), C14H9Cl5 (op_DDT), "IUPAC: 1-chloro-2-[2,2,2-trichloro-1-(4-chlorophenyl)ethyl]benzene, PubChem CID: 13089, CAS Number: 789-02-6"
 , \Atmosphere\POPs\C14H9Cl5 (op_DDT), C14H9Cl5 (op_DDT), "IUPAC: 1-chloro-2-[2,2,2-trichloro-1-(4-chlorophenyl)ethyl]benzene, PubChem CID: 13089, CAS Number: 789-02-6"
 , \Atmosphere\Particle phase\Composition\C2H2O4 (oxalic_acid), C2H2O4 (oxalic_acid), "IUPAC: oxalic acid, PubChem CID: 971, CAS Number: 144-62-7"
 , \Atmosphere\Total atmospheric deposition\C2H2O4 (oxalic_acid), C2H2O4 (oxalic_acid), "IUPAC: oxalic acid, PubChem CID: 971, CAS Number: 144-62-7"
 , \Atmosphere\Particle phase\Composition\C12H5Cl5 (PCB-101), C12H5Cl5 (PCB-101), "IUPAC: 1,2,4-trichloro-5-(2,5-dichlorophenyl)benzene, PubChem CID: 37807, CAS Number: 37680-73-2"
 , \Atmosphere\Total atmospheric deposition\C12H5Cl5 (PCB-101), C12H5Cl5 (PCB-101), "IUPAC: 1,2,4-trichloro-5-(2,5-dichlorophenyl)benzene, PubChem CID: 37807, CAS Number: 37680-73-2"
 , \Atmosphere\POPs\C12H5Cl5 (PCB-101), C12H5Cl5 (PCB-101), "IUPAC: 1,2,4-trichloro-5-(2,5-dichlorophenyl)benzene, PubChem CID: 37807, CAS Number: 37680-73-2"
 , \Atmosphere\Particle phase\Composition\C12H5Cl5 (PCB-118), C12H5Cl5 (PCB-118), "IUPAC: 1,2,4-trichloro-5-(3,4-dichlorophenyl)benzene, PubChem CID: 35823, CAS Number: 31508-00-6"
 , \Atmosphere\Total atmospheric deposition\C12H5Cl5 (PCB-118), C12H5Cl5 (PCB-118), "IUPAC: 1,2,4-trichloro-5-(3,4-dichlorophenyl)benzene, PubChem CID: 35823, CAS Number: 31508-00-6"
 , \Atmosphere\POPs\C12H5Cl5 (PCB-118), C12H5Cl5 (PCB-118), "IUPAC: 1,2,4-trichloro-5-(3,4-dichlorophenyl)benzene, PubChem CID: 35823, CAS Number: 31508-00-6"
 , \Atmosphere\Particle phase\Composition\C12H4Cl6 (PCB-138), C12H4Cl6 (PCB-138), "IUPAC: 1,2,3-trichloro-4-(2,4,5-trichlorophenyl)benzene, PubChem CID: 37035, CAS Number: 35065-28-2"
 , \Atmosphere\Total atmospheric deposition\C12H4Cl6 (PCB-138), C12H4Cl6 (PCB-138), "IUPAC: 1,2,3-trichloro-4-(2,4,5-trichlorophenyl)benzene, PubChem CID: 37035, CAS Number: 35065-28-2"
 , \Atmosphere\POPs\C12H4Cl6 (PCB-138), C12H4Cl6 (PCB-138), "IUPAC: 1,2,3-trichloro-4-(2,4,5-trichlorophenyl)benzene, PubChem CID: 37035, CAS Number: 35065-28-2"
 , \Atmosphere\Particle phase\Composition\C12H4Cl6 (PCB-153), C12H4Cl6 (PCB-153), "IUPAC: 1,2,4-trichloro-5-(2,4,5-trichlorophenyl)benzene, PubChem CID: 37034, CAS Number: 35065-27-1"
 , \Atmosphere\Total atmospheric deposition\C12H4Cl6 (PCB-153), C12H4Cl6 (PCB-153), "IUPAC: 1,2,4-trichloro-5-(2,4,5-trichlorophenyl)benzene, PubChem CID: 37034, CAS Number: 35065-27-1"
 , \Atmosphere\POPs\C12H4Cl6 (PCB-153), C12H4Cl6 (PCB-153), "IUPAC: 1,2,4-trichloro-5-(2,4,5-trichlorophenyl)benzene, PubChem CID: 37034, CAS Number: 35065-27-1"
 , \Atmosphere\Particle phase\Composition\C12H7Cl3 (PCB-18), C12H7Cl3 (PCB-18), "IUPAC: 1,4-dichloro-2-(2-chlorophenyl)benzene, PubChem CID: 37803, CAS Number: 37680-65-2"
 , \Atmosphere\Total atmospheric deposition\C12H7Cl3 (PCB-18), C12H7Cl3 (PCB-18), "IUPAC: 1,4-dichloro-2-(2-chlorophenyl)benzene, PubChem CID: 37803, CAS Number: 37680-65-2"
 , \Atmosphere\POPs\C12H7Cl3 (PCB-18), C12H7Cl3 (PCB-18), "IUPAC: 1,4-dichloro-2-(2-chlorophenyl)benzene, PubChem CID: 37803, CAS Number: 37680-65-2"
 , \Atmosphere\Particle phase\Composition\C12H3Cl7 (PCB-180), C12H3Cl7 (PCB-180), "IUPAC: 1,2,3,4-tetrachloro-5-(2,4,5-trichlorophenyl)benzene, PubChem CID: 37036, CAS Number: 35065-29-3"
 , \Atmosphere\Total atmospheric deposition\C12H3Cl7 (PCB-180), C12H3Cl7 (PCB-180), "IUPAC: 1,2,3,4-tetrachloro-5-(2,4,5-trichlorophenyl)benzene, PubChem CID: 37036, CAS Number: 35065-29-3"
 , \Atmosphere\POPs\C12H3Cl7 (PCB-180), C12H3Cl7 (PCB-180), "IUPAC: 1,2,3,4-tetrachloro-5-(2,4,5-trichlorophenyl)benzene, PubChem CID: 37036, CAS Number: 35065-29-3"
 , \Atmosphere\Particle phase\Composition\C12H7Cl3 (PCB-28), C12H7Cl3 (PCB-28), "IUPAC: 2,4-dichloro-1-(4-chlorophenyl)benzene, PubChem CID: 23448, CAS Number: 7012-37-5"
 , \Atmosphere\Total atmospheric deposition\C12H7Cl3 (PCB-28), C12H7Cl3 (PCB-28), "IUPAC: 2,4-dichloro-1-(4-chlorophenyl)benzene, PubChem CID: 23448, CAS Number: 7012-37-5"
 , \Atmosphere\POPs\C12H7Cl3 (PCB-28), C12H7Cl3 (PCB-28), "IUPAC: 2,4-dichloro-1-(4-chlorophenyl)benzene, PubChem CID: 23448, CAS Number: 7012-37-5"
 , \Atmosphere\Particle phase\Composition\C12H6Cl4 (PCB-52), C12H6Cl4 (PCB-52), "IUPAC: 1,4-dichloro-2-(2,5-dichlorophenyl)benzene, PubChem CID: 37248, CAS Number: 35693-99-3"
 , \Atmosphere\Total atmospheric deposition\C12H6Cl4 (PCB-52), C12H6Cl4 (PCB-52), "IUPAC: 1,4-dichloro-2-(2,5-dichlorophenyl)benzene, PubChem CID: 37248, CAS Number: 35693-99-3"
 , \Atmosphere\POPs\C12H6Cl4 (PCB-52), C12H6Cl4 (PCB-52), "IUPAC: 1,4-dichloro-2-(2,5-dichlorophenyl)benzene, PubChem CID: 37248, CAS Number: 35693-99-3"
 , \Atmosphere\Particle phase\Composition\C7H5FO2 (PFBA), C7H5FO2 (PFBA), "IUPAC: 4-fluorobenzoic acid, PubChem CID: 9973, CAS Number: 456-22-4"
 , \Atmosphere\Total atmospheric deposition\C7H5FO2 (PFBA), C7H5FO2 (PFBA), "IUPAC: 4-fluorobenzoic acid, PubChem CID: 9973, CAS Number: 456-22-4"
 , \Atmosphere\POPs\C7H5FO2 (PFBA), C7H5FO2 (PFBA), "IUPAC: 4-fluorobenzoic acid, PubChem CID: 9973, CAS Number: 456-22-4"
 , \Atmosphere\Particle phase\Composition\C4HF9O3S (PFBS), C4HF9O3S (PFBS), "IUPAC: 1,1,2,2,3,3,4,4,4-nonafluorobutane-1-sulfonic acid, PubChem CID: 67815, CAS Number: 375-73-5"
 , \Atmosphere\Total atmospheric deposition\C4HF9O3S (PFBS), C4HF9O3S (PFBS), "IUPAC: 1,1,2,2,3,3,4,4,4-nonafluorobutane-1-sulfonic acid, PubChem CID: 67815, CAS Number: 375-73-5"
 , \Atmosphere\POPs\C4HF9O3S (PFBS), C4HF9O3S (PFBS), "IUPAC: 1,1,2,2,3,3,4,4,4-nonafluorobutane-1-sulfonic acid, PubChem CID: 67815, CAS Number: 375-73-5"
 , \Atmosphere\Gas\C4F8 (PFC-318), C4F8 (PFC-318), "IUPAC: 1,1,2,2,3,3,4,4-octafluorocyclobutane, PubChem CID: 8263, CAS Number: 115-25-3"
 , \Atmosphere\ (PFDcA),  (PFDcA), "IUPAC: , PubChem CID: , CAS Number: "
 , \Atmosphere\ (PFDcS),  (PFDcS), "IUPAC: , PubChem CID: , CAS Number: "
 , \Atmosphere\Particle phase\Composition\C7HF13O2 (PFHpA), C7HF13O2 (PFHpA), "IUPAC: 2,2,3,3,4,4,5,5,6,6,7,7,7-tridecafluoroheptanoic acid, PubChem CID: 67818, CAS Number: 375-85-9"
 , \Atmosphere\Total atmospheric deposition\C7HF13O2 (PFHpA), C7HF13O2 (PFHpA), "IUPAC: 2,2,3,3,4,4,5,5,6,6,7,7,7-tridecafluoroheptanoic acid, PubChem CID: 67818, CAS Number: 375-85-9"
 , \Atmosphere\POPs\C7HF13O2 (PFHpA), C7HF13O2 (PFHpA), "IUPAC: 2,2,3,3,4,4,5,5,6,6,7,7,7-tridecafluoroheptanoic acid, PubChem CID: 67818, CAS Number: 375-85-9"
 , \Atmosphere\Particle phase\Composition\C6HF11O2 (PFHxA), C6HF11O2 (PFHxA), "IUPAC: 2,2,3,3,4,4,5,5,6,6,6-undecafluorohexanoic acid, PubChem CID: 67542, CAS Number: 307-24-4"
 , \Atmosphere\Total atmospheric deposition\C6HF11O2 (PFHxA), C6HF11O2 (PFHxA), "IUPAC: 2,2,3,3,4,4,5,5,6,6,6-undecafluorohexanoic acid, PubChem CID: 67542, CAS Number: 307-24-4"
 , \Atmosphere\POPs\C6HF11O2 (PFHxA), C6HF11O2 (PFHxA), "IUPAC: 2,2,3,3,4,4,5,5,6,6,6-undecafluorohexanoic acid, PubChem CID: 67542, CAS Number: 307-24-4"
 , \Atmosphere\Particle phase\Composition\C6HF13O3S (PFHxS), C6HF13O3S (PFHxS), "IUPAC: 1,1,2,2,3,3,4,4,5,5,6,6,6-tridecafluorohexane-1-sulfonic acid, PubChem CID: 67734, CAS Number: 355-46-4"
 , \Atmosphere\Total atmospheric deposition\C6HF13O3S (PFHxS), C6HF13O3S (PFHxS), "IUPAC: 1,1,2,2,3,3,4,4,5,5,6,6,6-tridecafluorohexane-1-sulfonic acid, PubChem CID: 67734, CAS Number: 355-46-4"
 , \Atmosphere\POPs\C6HF13O3S (PFHxS), C6HF13O3S (PFHxS), "IUPAC: 1,1,2,2,3,3,4,4,5,5,6,6,6-tridecafluorohexane-1-sulfonic acid, PubChem CID: 67734, CAS Number: 355-46-4"
 , \Atmosphere\Particle phase\Composition\C9HF17O2 (PFNA), C9HF17O2 (PFNA), "IUPAC: 2,2,3,3,4,4,5,5,6,6,7,7,8,8,9,9,9-heptadecafluorononanoic acid, PubChem CID: 67821, CAS Number: 375-95-1"
 , \Atmosphere\Total atmospheric deposition\C9HF17O2 (PFNA), C9HF17O2 (PFNA), "IUPAC: 2,2,3,3,4,4,5,5,6,6,7,7,8,8,9,9,9-heptadecafluorononanoic acid, PubChem CID: 67821, CAS Number: 375-95-1"
 , \Atmosphere\POPs\C9HF17O2 (PFNA), C9HF17O2 (PFNA), "IUPAC: 2,2,3,3,4,4,5,5,6,6,7,7,8,8,9,9,9-heptadecafluorononanoic acid, PubChem CID: 67821, CAS Number: 375-95-1"
 , \Atmosphere\Particle phase\Composition\C8HF15O2 (PFOA), C8HF15O2 (PFOA), "IUPAC: 2,2,3,3,4,4,5,5,6,6,7,7,8,8,8-pentadecafluorooctanoic acid, PubChem CID: 9554, CAS Number: 335-67-1"
 , \Atmosphere\Total atmospheric deposition\C8HF15O2 (PFOA), C8HF15O2 (PFOA), "IUPAC: 2,2,3,3,4,4,5,5,6,6,7,7,8,8,8-pentadecafluorooctanoic acid, PubChem CID: 9554, CAS Number: 335-67-1"
 , \Atmosphere\POPs\C8HF15O2 (PFOA), C8HF15O2 (PFOA), "IUPAC: 2,2,3,3,4,4,5,5,6,6,7,7,8,8,8-pentadecafluorooctanoic acid, PubChem CID: 9554, CAS Number: 335-67-1"
 , \Atmosphere\Particle phase\Composition\C8HF17O3S (PFOS), C8HF17O3S (PFOS), "IUPAC: 1,1,2,2,3,3,4,4,5,5,6,6,7,7,8,8,8-heptadecafluorooctane-1-sulfonic acid, PubChem CID: 74483, CAS Number: 1763-23-1"
 , \Atmosphere\Total atmospheric deposition\C8HF17O3S (PFOS), C8HF17O3S (PFOS), "IUPAC: 1,1,2,2,3,3,4,4,5,5,6,6,7,7,8,8,8-heptadecafluorooctane-1-sulfonic acid, PubChem CID: 74483, CAS Number: 1763-23-1"
 , \Atmosphere\POPs\C8HF17O3S (PFOS), C8HF17O3S (PFOS), "IUPAC: 1,1,2,2,3,3,4,4,5,5,6,6,7,7,8,8,8-heptadecafluorooctane-1-sulfonic acid, PubChem CID: 74483, CAS Number: 1763-23-1"
 , \Atmosphere\Particle phase\Composition\C8H2F17NO2S (PFOSA), C8H2F17NO2S (PFOSA), "IUPAC: 1,1,2,2,3,3,4,4,5,5,6,6,7,7,8,8,8-heptadecafluorooctane-1-sulfonamide, PubChem CID: 69785, CAS Number: 754-91-6"
 , \Atmosphere\Total atmospheric deposition\C8H2F17NO2S (PFOSA), C8H2F17NO2S (PFOSA), "IUPAC: 1,1,2,2,3,3,4,4,5,5,6,6,7,7,8,8,8-heptadecafluorooctane-1-sulfonamide, PubChem CID: 69785, CAS Number: 754-91-6"
 , \Atmosphere\POPs\C8H2F17NO2S (PFOSA), C8H2F17NO2S (PFOSA), "IUPAC: 1,1,2,2,3,3,4,4,5,5,6,6,7,7,8,8,8-heptadecafluorooctane-1-sulfonamide, PubChem CID: 69785, CAS Number: 754-91-6"
 , \Atmosphere\Particle phase\Composition\C11HF21O2 (PFUnA), C11HF21O2 (PFUnA), "IUPAC: 2,2,3,3,4,4,5,5,6,6,7,7,8,8,9,9,10,10,11,11,11-henicosafluoroundecanoic acid, PubChem CID: 77222, CAS Number: 2058-94-8"
 , \Atmosphere\Total atmospheric deposition\C11HF21O2 (PFUnA), C11HF21O2 (PFUnA), "IUPAC: 2,2,3,3,4,4,5,5,6,6,7,7,8,8,9,9,10,10,11,11,11-henicosafluoroundecanoic acid, PubChem CID: 77222, CAS Number: 2058-94-8"
 , \Atmosphere\POPs\C11HF21O2 (PFUnA), C11HF21O2 (PFUnA), "IUPAC: 2,2,3,3,4,4,5,5,6,6,7,7,8,8,9,9,10,10,11,11,11-henicosafluoroundecanoic acid, PubChem CID: 77222, CAS Number: 2058-94-8"
 , \Atmosphere\Particle phase\Composition\C14H10Cl4 (pp_DDD), C14H10Cl4 (pp_DDD), "IUPAC: 1-chloro-4-[2,2-dichloro-1-(4-chlorophenyl)ethyl]benzene, PubChem CID: 6294, CAS Number: 72-54-8"
 , \Atmosphere\Total atmospheric deposition\C14H10Cl4 (pp_DDD), C14H10Cl4 (pp_DDD), "IUPAC: 1-chloro-4-[2,2-dichloro-1-(4-chlorophenyl)ethyl]benzene, PubChem CID: 6294, CAS Number: 72-54-8"
 , \Atmosphere\POPs\C14H10Cl4 (pp_DDD), C14H10Cl4 (pp_DDD), "IUPAC: 1-chloro-4-[2,2-dichloro-1-(4-chlorophenyl)ethyl]benzene, PubChem CID: 6294, CAS Number: 72-54-8"
 , \Atmosphere\Particle phase\Composition\C14H8Cl4 (pp_DDE), C14H8Cl4 (pp_DDE), "IUPAC: 1-chloro-4-[2,2-dichloro-1-(4-chlorophenyl)ethenyl]benzene, PubChem CID: 3035, CAS Number: 72-55-9"
 , \Atmosphere\Total atmospheric deposition\C14H8Cl4 (pp_DDE), C14H8Cl4 (pp_DDE), "IUPAC: 1-chloro-4-[2,2-dichloro-1-(4-chlorophenyl)ethenyl]benzene, PubChem CID: 3035, CAS Number: 72-55-9"
 , \Atmosphere\POPs\C14H8Cl4 (pp_DDE), C14H8Cl4 (pp_DDE), "IUPAC: 1-chloro-4-[2,2-dichloro-1-(4-chlorophenyl)ethenyl]benzene, PubChem CID: 3035, CAS Number: 72-55-9"
 , \Atmosphere\Particle phase\Composition\C14H9Cl5 (pp_DDT), C14H9Cl5 (pp_DDT), "IUPAC: 1-chloro-4-[2,2,2-trichloro-1-(4-chlorophenyl)ethyl]benzene, PubChem CID: 3036, CAS Number: 50-29-3"
 , \Atmosphere\Total atmospheric deposition\C14H9Cl5 (pp_DDT), C14H9Cl5 (pp_DDT), "IUPAC: 1-chloro-4-[2,2,2-trichloro-1-(4-chlorophenyl)ethyl]benzene, PubChem CID: 3036, CAS Number: 50-29-3"
 , \Atmosphere\POPs\C14H9Cl5 (pp_DDT), C14H9Cl5 (pp_DDT), "IUPAC: 1-chloro-4-[2,2,2-trichloro-1-(4-chlorophenyl)ethyl]benzene, PubChem CID: 3036, CAS Number: 50-29-3"
 , \Atmosphere\Gas\Sum of propanone and propanal, Sum of propanone and propanal, 
 , \Atmosphere\ (trans_CD),  (trans_CD), "IUPAC: , PubChem CID: , CAS Number: "
 , \Atmosphere\ (trans_NO),  (trans_NO), "IUPAC: , PubChem CID: , CAS Number: "
 , \Atmosphere\Gas\ (unresolved_C6_hydrocarbons),  (unresolved_C6_hydrocarbons), "IUPAC: , PubChem CID: , CAS Number: "
 , \Atmosphere\UVA radiation, UVA radiation, 
